function [xc, yc]=getSensorCoordinates

%   1    2    3    4    5    6    7    8    9   10   11   12   13   14   15
%  455  910 1365 1820 2275 2730 3185 3640 4095 4550 5005 5460 5915 6370 6825

xc=[ ...
%  1    2   3    4    5    6    7    8    9    10
 6370 6600 6700 6825 6500 7270 6070 5915 5915 5915 ... % 0..10
 4550 4700 5070 5070 5070 4550 4550 4550 5460 6370 ... % 11..20
 3365 3670 3670 3670 3670 3185 3185 3185 3535 4200 ... % 21..30
 2000 2270 2270 2270 2270 1820 1820 1820 1820 2735 ... % 31..40
 0910 0910 0910 ...                                    % 41..43
];
 

%     1     2     3     4     5     6     7     8     9    10    11    12   13
%0   910  1820  2730  3640  4550  5460  6370  7280  8190  9100 10010 10920 11830 
yc=[ ...
%  1    2   3    4    5    6    7    8     9      10
 0830 2000 3500 4850 6250 7000 7150  8350  9650  11100 ... % 1..10
 1600 2900 4400 5700 7100 8350 9750  11100 12400  13300 ... % 11..20
 1500 2800 4400 5700 7100 8400 9800  11000 12300  13400 ... % 21..30
 1500 2800 4400 5700 7100 8200 9700  11200 12700  13300 ... % 31..40
 1800 3900 5200 ...                                    % 41..43
];

% xc=xc/2;
% yc=yc/2;
end